City, Lat, Lng, Max Temp, Humidity, Cloudiness, Wind Speed, Country, Date
Arraial do Cabo, -22.9661, -42.0278, 75.79, 73, 23, 3.27, BR, 1617500589 
Ribeira Grande, 38.5167, -28.7, 62.4, 82, 100, 29.66, PT, 1617500589 
Isangel, -19.55, 169.2667, 81.55, 78, 100, 17.72, VU, 1617500590 
Ostrovnoy, 68.0531, 39.5131, 23.29, 90, 100, 16.06, RU, 1617500590 
Jamestown, 42.097, -79.2353, 46, 33, 90, 8.05, US, 1617500453 
Esperance, -33.8667, 121.9, 68, 68, 90, 16.11, AU, 1617500592 
Cabo San Lucas, 22.8909, -109.9124, 82.4, 26, 20, 5.75, MX, 1617500505 
Rikitea, -23.1203, -134.9692, 78.28, 59, 24, 19.91, PF, 1617500593 
Buraidah, 26.326, 43.975, 59, 36, 0, 9.22, SA, 1617500593 
Atuona, -9.8, -139.0333, 80.71, 74, 100, 10.67, PF, 1617500593 
Saint-Joseph, -21.3667, 55.6167, 77, 73, 0, 4.61, RE, 1617500594 
Ulety, 51.3572, 112.4849, 40.93, 42, 92, 14.38, RU, 1617500594 
Ushuaia, -54.8, -68.3, 39.2, 75, 40, 13.8, AR, 1617500595 
Bluff, -46.6, 168.3333, 60.01, 85, 62, 18.01, NZ, 1617500595 
Punta Arenas, -53.15, -70.9167, 37.4, 75, 20, 4.61, CL, 1617500595 
Kiryat Gat, 31.61, 34.7642, 53.01, 92, 0, 1.01, IL, 1617500596 
Ust-Kuyga, 70.0167, 135.6, -7.98, 90, 100, 5.84, RU, 1617500596 
Puerto Ayora, -0.7393, -90.3518, 77, 94, 74, 4, EC, 1617500597 
Lüderitz, -26.6481, 15.1594, 68.99, 55, 5, 15.26, NA, 1617500597 
Saskylakh, 71.9167, 114.0833, -12.46, 95, 18, 2.26, RU, 1617500598 
Severo-Kuril'sk, 50.6789, 156.125, 33.73, 87, 89, 28.32, RU, 1617500327 
Hermanus, -34.4187, 19.2345, 63, 93, 0, 1.99, ZA, 1617500598 
Port Alfred, -33.5906, 26.891, 60.51, 82, 0, 10.04, ZA, 1617500600 
Pisco, -13.7, -76.2167, 73.4, 78, 92, 3.44, PE, 1617500361 
Sørland, 67.667, 12.6934, 39.27, 94, 100, 27.78, NO, 1617500391 
Dikson, 73.5069, 80.5464, -13.09, 82, 97, 4.59, RU, 1617500602 
Busselton, -33.65, 115.3333, 66, 87, 100, 8.01, AU, 1617500602 
Grindavik, 63.8424, -22.4338, 32, 69, 75, 26.46, IS, 1617500603 
Kumul, 42.8, 93.45, 56.25, 9, 100, 9.08, CN, 1617500603 
Chokurdakh, 70.6333, 147.9167, -4.2, 92, 21, 6.29, RU, 1617500604 
Ponta do Sol, 32.6667, -17.1, 57, 67, 57, 3, PT, 1617500604 
Jiayuguan City, 39.8167, 98.3, 38.43, 83, 100, 3.78, CN, 1617500605 
Geraldton, -28.7667, 114.6, 80.6, 47, 40, 17.27, AU, 1617500605 
Palmer, 42.1584, -72.3287, 33.8, 47, 20, 2.62, US, 1617500578 
Bethel, 41.3712, -73.414, 39.99, 41, 1, 3.44, US, 1617500606 
Kuusankoski, 60.907, 26.6244, 30, 80, 0, 3.44, FI, 1617500606 
Conselheiro Pena, -19.1722, -41.4722, 71.73, 95, 64, 3.8, BR, 1617500607 
Torbay, 47.6666, -52.7314, 37.99, 100, 90, 10.36, CA, 1617500607 
Yellowknife, 62.456, -114.3525, 10.4, 56, 75, 9.22, CA, 1617500608 
Upernavik, 72.7868, -56.1549, -23.31, 94, 17, 6.46, GL, 1617500608 
Gayny, 60.3071, 54.3241, 31.89, 99, 100, 2.75, RU, 1617500608 
Buala, -8.145, 159.5921, 86.16, 68, 100, 7.94, SB, 1617500609 
Albany, 42.6001, -73.9662, 39.2, 41, 75, 6.91, US, 1617500609 
Lábrea, -7.2586, -64.7981, 73.6, 98, 100, 1.72, BR, 1617500610 
Guerrero Negro, 27.9769, -114.0611, 60.98, 81, 0, 14.14, MX, 1617500610 
Piranhas, -16.4269, -51.8222, 74.8, 80, 81, 2.42, BR, 1617500610 
Barrow, 71.2906, -156.7887, -9.4, 70, 1, 5.75, US, 1617500611 
Thompson, 55.7435, -97.8558, 39.2, 45, 20, 4.61, CA, 1617500611 
Benguela, -12.5763, 13.4055, 79.47, 87, 100, 3.36, AO, 1617500612 
Hilo, 19.7297, -155.09, 72, 83, 90, 9.22, US, 1617500612 
Elmira, 42.0898, -76.8077, 42.8, 65, 90, 11.5, US, 1617500612 
Hobart, -42.8794, 147.3294, 66.2, 37, 40, 16.11, AU, 1617500509 
Butaritari, 3.0707, 172.7902, 82.71, 77, 13, 13.15, KI, 1617500613 
Sioux Lookout, 50.1001, -91.917, 42.8, 42, 90, 3.44, CA, 1617500613 
Carnarvon, -24.8667, 113.6333, 84.2, 42, 0, 18.41, AU, 1617500423 
Barra de Tecoanapa, 16.5167, -98.75, 80.56, 71, 0, 3.18, MX, 1617500614 
East London, -33.0153, 27.9116, 61.09, 79, 3, 9.89, ZA, 1617500615 
Klaksvík, 62.2266, -6.589, 44.6, 87, 75, 25.32, FO, 1617500615 
Port Hedland, -20.3167, 118.5667, 95, 23, 81, 10.36, AU, 1617500615 
Kruisfontein, -34.0033, 24.7314, 60.01, 46, 0, 5.86, ZA, 1617500616 
Tabas, 33.5959, 56.9244, 58.98, 25, 0, 9.4, IR, 1617500616 
Qaanaaq, 77.484, -69.3632, -20.97, 76, 29, 8.03, GL, 1617500617 
Cururupu, -1.8283, -44.8683, 75.74, 90, 45, 2.77, BR, 1617500617 
Disna, 55.568, 28.1971, 32.54, 92, 90, 5.3, BY, 1617500617 
Xichang, 27.8964, 102.2634, 62.04, 39, 44, 2.98, CN, 1617500618 
Kavieng, -2.5744, 150.7967, 84.07, 69, 100, 3.24, PG, 1617500618 
Clyde River, 70.4692, -68.5914, -16.6, 83, 40, 6.91, CA, 1617500619 
Kita, 13.0349, -9.4895, 80.44, 9, 27, 2.46, ML, 1617500619 
Bredasdorp, -34.5322, 20.0403, 50, 93, 0, 1.14, ZA, 1617500619 
Buta, 2.7858, 24.73, 69.33, 99, 100, 2.66, CD, 1617500620 
La Ronge, 55.1001, -105.2842, 42.8, 28, 57, 5.75, CA, 1617500620 
Hamina, 60.5697, 27.1979, 30, 80, 0, 3.44, FI, 1617500621 
Shimoda, 34.6667, 138.95, 69.01, 77, 75, 11.5, JP, 1617500621 
Praia, 14.9215, -23.5087, 75.2, 46, 0, 19.57, CV, 1617500622 
Hasaki, 35.7333, 140.8333, 72, 56, 75, 16.11, JP, 1617500355 
Assiut, 27.181, 31.1837, 59.41, 22, 0, 7.63, EG, 1617500533 
Pochutla, 15.7432, -96.4661, 82.4, 74, 1, 4.65, MX, 1617500623 
Mataura, -46.1927, 168.8643, 60.01, 85, 72, 18.01, NZ, 1617500623 
Antofagasta, -23.65, -70.4, 66.2, 68, 90, 4.61, CL, 1617500623 
Zhalantun, 48, 122.7167, 52.11, 19, 7, 13.02, CN, 1617500624 
Paita, -5.0892, -81.1144, 72.32, 78, 79, 6.22, PE, 1617500624 
Mar del Plata, -38.0023, -57.5575, 66.99, 88, 0, 5.75, AR, 1617500504 
Rawson, -43.3002, -65.1023, 69.17, 54, 62, 7.63, AR, 1617500625 
Lagos, 6.5833, 3.75, 82.4, 83, 20, 8.05, NG, 1617500522 
Vaini, -21.2, -175.2, 77, 88, 90, 5.75, TO, 1617500625 
Vao, -22.6667, 167.4833, 75.88, 71, 64, 24.38, NC, 1617500626 
Kunshan, 31.3776, 120.9543, 57.99, 47, 0, 15.66, CN, 1617500626 
Aklavik, 68.2191, -135.0107, -0.4, 65, 100, 8.05, CA, 1617500627 
Puro, 12.4841, 123.3827, 85.14, 60, 41, 10.56, PH, 1617500627 
Castro, -24.7911, -50.0119, 56.12, 98, 53, 3.69, BR, 1617500628 
Port Elizabeth, -33.918, 25.5701, 57.2, 88, 0, 3.44, ZA, 1617500628 
Hong Kong, 22.2855, 114.1577, 80.01, 83, 14, 1.01, HK, 1617500550 
Taoudenni, 22.6783, -3.9836, 85.75, 10, 100, 5.59, ML, 1617500629 
Khatanga, 71.9667, 102.5, -9.24, 86, 12, 5.14, RU, 1617500629 
Iqaluit, 63.7506, -68.5145, 0, 71, 75, 2.3, CA, 1617500629 
Kavaratti, 10.5669, 72.642, 82.18, 66, 50, 8.86, IN, 1617500630 
Tegul'det, 57.3064, 88.1667, 32.63, 98, 100, 5.86, RU, 1617500630 
Skagen, 57.7209, 10.5839, 42.01, 71, 23, 13, DK, 1617500630 
Pacific Grove, 36.6177, -121.9166, 55, 75, 100, 1.01, US, 1617500518 
Mehamn, 71.0357, 27.8492, 31.37, 88, 100, 17.18, NO, 1617500405 
New Norfolk, -42.7826, 147.0587, 66, 46, 52, 5.99, AU, 1617500631 
Carbonia, 39.1672, 8.5222, 57.99, 88, 20, 4.61, IT, 1617500632 
Nikolskoye, 59.7035, 30.7861, 34, 86, 0, 4.47, RU, 1617500632 
Aykhal, 66, 111.5, -9.49, 93, 100, 7.76, RU, 1617500632 
Saint-Louis, 16.3333, -15, 85.23, 9, 0, 10.04, SN, 1617500633 
Kirakira, -10.4544, 161.9205, 87.21, 68, 92, 10.31, SB, 1617500633 
Mahébourg, -20.4081, 57.7, 78.8, 89, 75, 6.91, MU, 1617500633 
Namatanai, -3.6667, 152.4333, 83.89, 71, 100, 1.88, PG, 1617500634 
Pevek, 69.7008, 170.3133, -8.27, 94, 99, 5.35, RU, 1617500634 
Cape Town, -33.9258, 18.4232, 66, 94, 75, 4.61, ZA, 1617500522 
Mandi Bahauddin, 32.5834, 73.4843, 68.94, 19, 88, 3.4, PK, 1617500635 
Nishihara, 26.1842, 127.7558, 71.6, 88, 75, 20.71, JP, 1617500636 
Buchanan, 5.8808, -10.0467, 78.8, 94, 20, 4.36, LR, 1617500636 
Leningradskiy, 69.3833, 178.4167, -1.84, 89, 100, 6.53, RU, 1617500637 
Mount Isa, -20.7333, 139.5, 82.4, 36, 0, 12.66, AU, 1617500590 
Aldan, 58.6031, 125.3894, 17.85, 76, 100, 2.91, RU, 1617500637 
Katherine, -14.4667, 132.2667, 87.8, 51, 100, 11.5, AU, 1617500637 
Rupert, 42.6191, -113.6772, 73.4, 12, 1, 5.75, US, 1617500638 
Tura, 25.5198, 90.2201, 82.2, 16, 0, 2.59, IN, 1617500638 
Husavik, 66.0449, -17.3389, 23, 86, 90, 14.97, IS, 1617500639 
Longyearbyen, 78.2186, 15.6401, 21.2, 79, 90, 11.5, SJ, 1617500576 
Kapaa, 22.0752, -159.319, 77, 65, 40, 21.85, US, 1617500639 
Opuwo, -18.0607, 13.84, 70.34, 53, 57, 8.21, NA, 1617500640 
Inhambane, -23.865, 35.3833, 72.61, 81, 51, 9.66, MZ, 1617500640 
Manoharpur, 27.3, 75.95, 73.4, 23, 0, 4.61, IN, 1617500641 
Bambous Virieux, -20.3428, 57.7575, 79, 89, 75, 6.91, MU, 1617500642 
San Patricio, 28.017, -97.5169, 66.99, 68, 75, 13.8, US, 1617500642 
Okhotsk, 59.3833, 143.3, 29.3, 54, 100, 11.32, RU, 1617500643 
Viedma, -40.8135, -62.9967, 71.55, 47, 78, 12.21, AR, 1617500643 
Maniitsoq, 65.4167, -52.9, 19.62, 50, 100, 14.52, GL, 1617500644 
Narsaq, 60.9167, -46.05, 39.2, 87, 90, 2.3, GL, 1617500644 
Chiredzi, -21.05, 31.6667, 68.04, 82, 96, 8.59, ZW, 1617500644 
Talnakh, 69.4865, 88.3972, -8.66, 78, 3, 10.2, RU, 1617500645 
Kang, -23.6752, 22.7876, 69.33, 42, 0, 5.61, BW, 1617500645 
Souillac, -20.5167, 57.5167, 78.8, 89, 75, 6.91, MU, 1617500645 
Narasannapeta, 18.4167, 84.05, 81.36, 60, 43, 3.91, IN, 1617500646 
Provideniya, 64.3833, -173.3, 9.93, 81, 100, 8.03, RU, 1617500648 
San Juan, -31.5375, -68.5364, 74.48, 48, 21, 6.55, AR, 1617500648 
Bathsheba, 13.2167, -59.5167, 78.8, 61, 40, 19.57, BB, 1617500648 
El Salvador, 13.8333, -88.9167, 86, 42, 20, 14.97, SV, 1617500538 
Gorontalo, 0.5412, 123.0595, 89.89, 59, 59, 4.52, ID, 1617500649 
Labuhan, -6.8844, 112.2051, 84.78, 71, 100, 8.16, ID, 1617500649 
Bealanana, -14.55, 48.7333, 61.9, 96, 56, 2.84, MG, 1617500650 
Avarua, -21.2078, -159.775, 84.2, 74, 92, 13.8, CK, 1617500651 
Naze, 28.3667, 129.4833, 73.4, 88, 40, 9.22, JP, 1617500652 
Sakakah, 29.9697, 40.2064, 50, 32, 0, 3.44, SA, 1617500652 
Faanui, -16.4833, -151.75, 82.69, 70, 11, 5.99, PF, 1617500653 
Natchez, 31.5604, -91.4032, 57.2, 67, 1, 2.13, US, 1617500653 
Lorengau, -2.0226, 147.2712, 82.74, 77, 88, 11.95, PG, 1617500654 
Granada, 37.1882, -3.6067, 48.99, 81, 0, 1.14, ES, 1617500591 
Faxinal, -24.0003, -51.3194, 60.39, 77, 32, 4.07, BR, 1617500654 
Mayo, 38.8876, -76.5119, 46.4, 53, 1, 5.88, US, 1617500655 
Lagoa, 39.05, -27.9833, 60.26, 87, 89, 30.82, PT, 1617500655 
Port Lincoln, -34.7333, 135.8667, 74.1, 63, 0, 8.84, AU, 1617500656 
Gizo Government Station, -8.103, 156.8419, 85.33, 69, 72, 3.67, SB, 1617500656 
Korla, 41.7597, 86.1469, 50.36, 25, 26, 13.67, CN, 1617500657 
Portland, 45.5234, -122.6762, 68, 40, 75, 9.22, US, 1617500145 
Airai, -8.9266, 125.4092, 62.29, 96, 100, 5.88, TL, 1617500657 
Chanute, 37.6792, -95.4572, 66.2, 42, 1, 10.36, US, 1617500405 
Beya, 53.0533, 90.9139, 39.72, 57, 43, 2.8, RU, 1617500658 
Saint George, 37.1041, -113.5841, 84.2, 9, 1, 10.36, US, 1617500658 
Saint-Philippe, -21.3585, 55.7679, 77, 73, 0, 4.61, RE, 1617500659 
Labuan, 5.2767, 115.2417, 86, 74, 20, 3.44, MY, 1617500659 
Lebu, -37.6167, -73.65, 52.95, 91, 4, 8.39, CL, 1617500660 
Alta Floresta, -9.8756, -56.0861, 72.75, 94, 100, 1.63, BR, 1617500661 
Trairi, -3.2778, -39.2689, 78.1, 85, 17, 7.58, BR, 1617500419 
Kalmar, 56.6616, 16.3616, 33.01, 80, 14, 3.44, SE, 1617500661 
San Quintín, 30.4833, -115.95, 61.07, 77, 27, 15.32, MX, 1617500662 
Jining, 35.405, 116.5814, 57.27, 22, 0, 8.28, CN, 1617500662 
Mizdah, 31.4451, 12.9801, 72.63, 13, 100, 22.66, LY, 1617500662 
Teya, 60.3778, 92.6267, 31.46, 85, 92, 7.61, RU, 1617500663 
Evanston, 42.0411, -87.6901, 66.2, 34, 20, 5.75, US, 1617500428 
Tabou, 4.423, -7.3528, 78.55, 90, 73, 7.05, CI, 1617500663 
Cherskiy, 68.75, 161.3, 1.89, 83, 38, 4.45, RU, 1617500664 
Masuda, 34.6667, 131.85, 60.8, 100, 75, 2.3, JP, 1617500664 
Novyy Urgal, 51.0736, 132.5642, 32.61, 32, 2, 2.37, RU, 1617500664 
Waipawa, -41.4122, 175.5153, 64.4, 63, 21, 34.52, NZ, 1617500665 
Bauchi, 10.5, 10, 69.87, 18, 81, 3.62, NG, 1617500665 
Mikhaylovka, 50.06, 43.2379, 37, 90, 100, 11.01, RU, 1617500666 
Paamiut, 61.994, -49.6678, 33.46, 98, 100, 3.91, GL, 1617500666 
Zhezkazgan, 47.8043, 67.7144, 36.93, 74, 100, 15.39, KZ, 1617500667 
Cidreira, -30.1811, -50.2056, 72.28, 77, 92, 16.58, BR, 1617500667 
Tautira, -17.7333, -149.15, 87.8, 62, 40, 10.36, PF, 1617500667 
Harbour Breton, 47.4833, -55.7983, 38.7, 90, 100, 14.52, CA, 1617500668 
Tiksi, 71.6872, 128.8694, -10.64, 98, 100, 7.72, RU, 1617500668 
Takoradze, 4.8845, -1.7554, 79.05, 90, 31, 6.51, GH, 1617500669 
Umm Kaddadah, 13.6017, 26.6876, 71.83, 11, 100, 16.28, SD, 1617500669 
Morro Bay, 35.3658, -120.8499, 53.01, 77, 60, 5.99, US, 1617500669 
Verkhoyansk, 67.5447, 133.385, -1.35, 83, 100, 4.97, RU, 1617500670 
Vanimo, -2.6741, 141.3028, 84.83, 70, 95, 4.32, PG, 1617500670 
Along, 28.1667, 94.7667, 70.09, 53, 84, 1.72, IN, 1617500671 
Gold Coast, -28, 153.4333, 73.4, 78, 75, 9.22, AU, 1617500671 
Fayetteville, 35.0527, -78.8784, 50, 40, 1, 5.75, US, 1617500566 
Mossamedes, -15.1961, 12.1522, 76.73, 84, 65, 4.41, AO, 1617500672 
Kamari, 36.8, 25.8167, 61, 64, 62, 1.01, GR, 1617500672 
Mackay, -21.15, 149.2, 77, 88, 75, 16.11, AU, 1617500672 
Indian Head, 38.6001, -77.1622, 44.01, 39, 20, 3.49, US, 1617500673 
Bengkulu, -3.8004, 102.2655, 80.87, 73, 86, 18.41, ID, 1617500673 
San Rafael, -34.6177, -68.3301, 70.75, 52, 0, 14.45, AR, 1617500569 
Pemberton, 50.3164, -122.8027, 41, 93, 90, 4.61, CA, 1617500674 
Hofn, 64.2539, -15.2082, 31.66, 67, 5, 25.43, IS, 1617500674 
Kaitangata, -46.2817, 169.8464, 66.9, 58, 56, 16.17, NZ, 1617500675 
Mashhad, 36.297, 59.6062, 48.2, 71, 75, 11.5, IR, 1617500675 
Meadow Lake, 34.8014, -106.5436, 75.2, 15, 20, 2.98, US, 1617500675 
Lázaro Cárdenas, 17.9583, -102.2, 77.34, 65, 1, 6.44, MX, 1617500676 
Semnan, 35.5729, 53.3971, 47.16, 53, 1, 4.99, IR, 1617500676 
Marrakesh, 31.6315, -8.0083, 57.2, 67, 0, 6.91, MA, 1617500677 
Mahibadhoo, 3.7833, 72.9667, 82.47, 75, 15, 10.4, MV, 1617500677 
Lethem, 3.3803, -59.7968, 80.08, 75, 100, 11.39, GY, 1617500677 
Vardø, 70.3705, 31.1107, 34.25, 82, 100, 16.49, NO, 1617500678 
Novobirilyussy, 56.9514, 90.6661, 32.95, 98, 100, 6.24, RU, 1617500678 
Hambantota, 6.1241, 81.1185, 71.6, 100, 0, 3.44, LK, 1617500679 
Vallenar, -28.5708, -70.7581, 65.75, 66, 100, 2.51, CL, 1617500679 
Hamilton, 39.1834, -84.5333, 53.6, 43, 1, 9.22, US, 1617500680 
Ciudad Bolivar, 8.1222, -63.5497, 82.29, 65, 73, 17.13, VE, 1617500639 
Bac Lieu, 9.285, 105.7244, 86.59, 63, 22, 11.27, VN, 1617500680 
Kaeo, -35.1, 173.7833, 78.01, 65, 19, 7, NZ, 1617500681 
Sola, -13.8833, 167.55, 82.65, 77, 97, 15.46, VU, 1617500681 
Havelock, 34.8791, -76.9013, 48, 61, 1, 4.61, US, 1617500681 
Hithadhoo, -0.6, 73.0833, 83.52, 74, 55, 15.9, MV, 1617500682 
Licheng, 23.2955, 113.8284, 86, 64, 20, 11.18, CN, 1617500437 
Warmbad, -28.45, 18.7333, 72.91, 29, 0, 3.47, NA, 1617500682 
Caborca, 30.5838, -111.101, 86, 13, 0, 11.01, MX, 1617500683 
Lompoc, 34.6391, -120.4579, 57.2, 62, 5, 12.66, US, 1617500618 
Yar-Sale, 66.8333, 70.8333, 21.09, 99, 100, 3.71, RU, 1617500683 
Jalu, 29.0331, 21.5482, 65.91, 19, 51, 11.61, LY, 1617500684 
Rocha, -34.4833, -54.3333, 59.88, 93, 0, 4.18, UY, 1617500684 
Yatou, 37.15, 122.3833, 48.99, 36, 0, 24.09, CN, 1617500685 
San Policarpo, 12.1791, 125.5072, 83.32, 65, 98, 10.98, PH, 1617500409 
Nova Olímpia, -14.7972, -57.2881, 75.97, 82, 98, 2.19, BR, 1617500501 
Raja, 8.4596, 25.678, 73.81, 23, 15, 4.16, SS, 1617500685 
Beloha, -25.1667, 45.05, 69.49, 89, 56, 3.94, MG, 1617500686 
Tasiilaq, 65.6145, -37.6368, 17.6, 53, 1, 16.11, GL, 1617500688 
Phuthaditjhaba, -28.5242, 28.8158, 49.12, 82, 11, 2.19, ZA, 1617500688 
Udachny, 66.4167, 112.4, -9.56, 90, 95, 7.11, RU, 1617500689 
Wilmington, 34.2257, -77.9447, 46.4, 53, 1, 3.44, US, 1617500123 
Xai-Xai, -25.0519, 33.6442, 70.43, 85, 68, 9.62, MZ, 1617500689 
Arroyo de la Encomienda, 41.6096, -4.7969, 39, 81, 0, 6.91, ES, 1617500690 
Palu, -0.8917, 119.8707, 89.49, 53, 70, 2.8, ID, 1617500417 
Saint Paul Harbor, 57.79, -152.4072, 48.2, 46, 1, 13.8, US, 1617500690 
Shebunino, 46.4339, 141.8603, 37.24, 53, 98, 12.75, RU, 1617500691 
Yulara, -25.2406, 130.9889, 82.4, 28, 0, 16.11, AU, 1617500691 
Bamenda, 5.9527, 10.1582, 67.19, 55, 73, 1.32, CM, 1617500692 
Conceição do Araguaia, -8.2578, -49.2647, 75.45, 84, 56, 2.28, BR, 1617500692 
Garissa, -0.4536, 39.6401, 79.68, 77, 100, 11.99, KE, 1617500692 
Mariehamn, 60.0973, 19.9348, 39.2, 70, 0, 4.61, AX, 1617500693 
Florø, 61.5996, 5.0328, 42.8, 93, 90, 17.27, NO, 1617500693 
Tiruchchendur, 8.4833, 78.1167, 78.8, 83, 20, 2.3, IN, 1617500694 
Adrar, 20.5022, -10.0711, 78.46, 24, 62, 7.43, MR, 1617500694 
Maceió, -9.6658, -35.7353, 78.8, 89, 75, 3.44, BR, 1617500662 
Lata, 40.1629, -8.3327, 53.01, 93, 0, 3.8, PT, 1617500696 
Iguaba Grande, -22.8392, -42.2289, 70.86, 86, 51, 2.44, BR, 1617500696 
Luwuk, -0.9516, 122.7875, 88.66, 61, 11, 2.35, ID, 1617500697 
Samaná, 19.2056, -69.3369, 73.72, 85, 38, 4.52, DO, 1617500697 
Cockburn Town, 21.4612, -71.1419, 76.55, 74, 52, 28.21, TC, 1617500402 
Chik, 54.9928, 82.4311, 26.6, 80, 0, 4.47, RU, 1617500698 
Saint Anthony, 45.0205, -93.218, 64.4, 17, 1, 4.61, US, 1617500698 
Tigil', 57.8, 158.6667, 30.4, 69, 100, 12.48, RU, 1617500699 
Umeå, 63.8284, 20.2597, 39.2, 75, 100, 8.05, SE, 1617500699 
Avera, 33.194, -82.5271, 48, 61, 1, 3.06, US, 1617500700 
Baft, 29.234, 56.6057, 52.03, 52, 22, 1.05, IR, 1617500700 
Kungurtug, 50.5994, 97.5228, 27.34, 58, 49, 1.03, RU, 1617500701 
Cortes, 41.9395, -1.4396, 50, 66, 15, 21.85, ES, 1617500701 
Tuktoyaktuk, 69.4541, -133.0374, -9.4, 77, 1, 5.75, CA, 1617500701 
Marfino, 55.7028, 37.3822, 30.2, 93, 0, 4.47, RU, 1617500702 
Ancud, -41.8697, -73.8203, 50, 87, 0, 2.57, CL, 1617500703 
Fiumicino, 41.7675, 12.2291, 55.4, 71, 0, 3.44, IT, 1617500703 
Port-Gentil, -0.7193, 8.7815, 79.97, 81, 100, 5.32, GA, 1617500703 
Kismayo, -0.3582, 42.5454, 81.36, 82, 80, 9.6, SO, 1617500704 
Sabha, 27.0377, 14.4283, 66.74, 17, 0, 11.34, LY, 1617500704 
Solnechnyy, 50.7214, 136.6319, 33.93, 31, 6, 8.84, RU, 1617500705 
Zhicheng, 30.2956, 111.5047, 55.99, 76, 100, 9.95, CN, 1617500705 
Storforshei, 66.4043, 14.5233, 39, 93, 100, 1.99, NO, 1617500706 
Okotoks, 50.7289, -113.9828, 57.2, 21, 40, 4.61, CA, 1617500706 
Sayyan, 15.1718, 44.3244, 54.86, 19, 6, 0.98, YE, 1617500707 
Ballybofey, 54.8, -7.7833, 36.79, 90, 11, 2.68, IE, 1617500707 
Hacarí, 8.3233, -73.1489, 66.72, 98, 97, 2.42, CO, 1617500707 
Mabaruma, 8.2, -59.7833, 73.71, 98, 94, 4.81, GY, 1617500708 
Mandya, 12.5242, 76.8958, 73.4, 88, 40, 3.31, IN, 1617500708 
Belmonte, -15.8631, -38.8828, 77, 88, 40, 2.3, BR, 1617500710 
Ilave, -16.0833, -69.6667, 42.85, 91, 99, 5.55, PE, 1617500710 
Central Point, 42.376, -122.9164, 71.6, 26, 1, 4.03, US, 1617500711 
Cayenne, 4.9333, -52.3333, 80.01, 94, 75, 12.73, GF, 1617500711 
Ketchikan, 55.3422, -131.6461, 44.6, 65, 40, 11.5, US, 1617500712 
Abu Samrah, 35.3029, 37.1841, 48.54, 86, 0, 7.25, SY, 1617500712 
High Prairie, 55.4334, -116.4858, 35.55, 76, 100, 4.79, CA, 1617500712 
Padang, -0.9492, 100.3543, 80.6, 65, 90, 3.44, ID, 1617500713 
Mikhaylov, 54.2292, 39.0186, 32, 78, 89, 4.94, RU, 1617500713 
Abu Kamal, 34.4506, 40.9171, 55.81, 62, 0, 6.64, SY, 1617500714 
Taltal, -25.4, -70.4833, 64.15, 84, 82, 2.59, CL, 1617500714 
Kwang Binh, 17.4833, 106.6, 79.77, 82, 78, 6.69, VN, 1617500714 
George Town, 5.4112, 100.3354, 80.6, 94, 40, 4.61, MY, 1617500421 
Bucerías, 20.75, -105.3333, 77, 83, 40, 6.91, MX, 1617500626 
Constitución, -35.3333, -72.4167, 56.35, 73, 0, 6.82, CL, 1617500715 
Chapais, 49.7834, -74.8492, 30.2, 40, 75, 2.3, CA, 1617500715 
Kailua, 21.4022, -157.7394, 80.6, 50, 40, 14.97, US, 1617500716 
Chornukhy, 50.2673, 32.942, 38.95, 68, 99, 2.01, UA, 1617500716 
Santiago, -33.4569, -70.6483, 68, 49, 0, 9.22, CL, 1617500551 
Lavrentiya, 65.5833, -171, 5.79, 90, 100, 9.93, RU, 1617500717 
Myitkyina, 25.3833, 97.4, 81.39, 22, 1, 0.67, MM, 1617500718 
Beringovskiy, 63.05, 179.3167, 4.71, 82, 100, 21.14, RU, 1617500719 
Amapá, 1, -52, 72.43, 98, 65, 4.88, BR, 1617500719 
Tuatapere, -46.1333, 167.6833, 60.01, 85, 98, 18.01, NZ, 1617500720 
Hof, 50.3167, 11.9167, 35.01, 68, 69, 3, DE, 1617500720 
Hollola, 61.05, 25.4333, 30, 88, 100, 8.86, FI, 1617500721 
Alofi, -19.0595, -169.9187, 86, 70, 37, 6.91, NU, 1617500721 
Bharatpur, 27.2167, 77.4833, 59, 44, 1, 1.14, IN, 1617500722 
São João da Barra, -21.6403, -41.0511, 73, 86, 46, 7.74, BR, 1617500470 
Port Hawkesbury, 45.6169, -61.3485, 32, 100, 90, 12.66, CA, 1617500722 
Saint-Leu, -21.15, 55.2833, 77, 73, 0, 4.61, RE, 1617500669 
Santa Cruz de Tenerife, 28.4682, -16.2546, 63, 88, 75, 9.22, ES, 1617500723 
Norman Wells, 65.282, -126.8329, 14, 52, 75, 5.75, CA, 1617500724 
Esna, 25.2934, 32.554, 61.54, 25, 0, 9.55, EG, 1617500724 
Coquimbo, -29.9533, -71.3436, 59, 88, 90, 3.44, CL, 1617500724 
Toba, 34.4833, 136.85, 64.99, 86, 98, 1.01, JP, 1617500725 
Beyneu, 45.3167, 55.2, 43.52, 78, 92, 14.65, KZ, 1617500725 
Guadalupe y Calvo, 26.1, -106.9667, 52.03, 35, 0, 2.55, MX, 1617500726 
Northam, 51.0333, -4.2167, 37.99, 90, 5, 1.01, GB, 1617500726 
Lüdinghausen, 51.7667, 7.4667, 39.99, 80, 44, 1.99, DE, 1617500727 
Bereda, 43.2686, -7.5406, 42.01, 99, 38, 5.01, ES, 1617500727 
Tynda, 55.1667, 124.7167, 21.61, 84, 100, 1.34, RU, 1617500728 
Tripoli, 32.8752, 13.1875, 77.18, 23, 100, 21.05, LY, 1617500728 
Kärdla, 58.9978, 22.7492, 37, 81, 88, 11.01, EE, 1617500729 
Sur, 22.5667, 59.5289, 83.71, 37, 6, 4.45, OM, 1617500729 
Yanam, 16.7333, 82.2167, 80.6, 83, 89, 2.95, IN, 1617500729 
West Bay, 19.3667, -81.4167, 78.8, 65, 20, 17.27, KY, 1617500730 
Kapit, 2.0167, 112.9333, 87.44, 62, 68, 0.78, MY, 1617500731 
Chui, -33.6971, -53.4616, 64.99, 88, 2, 7.52, UY, 1617500732 
Grafenau, 48.8577, 13.3974, 34, 83, 14, 2.64, DE, 1617500732 
Griffith, 41.5284, -87.4237, 60.01, 47, 1, 5.75, US, 1617500733 
Ucluelet, 48.9329, -125.5528, 46.99, 87, 75, 14.97, CA, 1617500635 
Shalakusha, 62.2247, 40.2539, 23.77, 99, 81, 1.7, RU, 1617500733 
Deputatsky, 69.3, 139.9, -1.35, 94, 100, 4.38, RU, 1617500734 
Peshawar, 34.008, 71.5785, 62.6, 45, 40, 6.91, PK, 1617500642 
Nachingwea, -10.3833, 38.7667, 68.41, 99, 100, 3.69, TZ, 1617500627 
Puerto del Rosario, 28.5004, -13.8627, 64.4, 59, 90, 11.5, ES, 1617500735 
Zholymbet, 51.7433, 71.7122, 25.88, 83, 100, 7.81, KZ, 1617500735 
Camocim, -2.9022, -40.8411, 76.6, 91, 35, 9.55, BR, 1617500735 
Batemans Bay, -35.7167, 150.1833, 81, 68, 56, 1.99, AU, 1617500736 
Umluj, 25.0213, 37.2685, 70.56, 36, 8, 17.96, SA, 1617500736 
Salalah, 17.0151, 54.0924, 76.66, 42, 100, 2.3, OM, 1617500658 
Fortuna, 40.5982, -124.1573, 55, 81, 90, 8.05, US, 1617500737 
Dingle, 10.9995, 122.6711, 86.36, 58, 30, 13.67, PH, 1617500737 
Marawi, 7.9986, 124.2928, 80.1, 62, 99, 4.65, PH, 1617500738 
Lima, -12.0432, -77.0282, 73.99, 73, 0, 4.61, PE, 1617500696 
Vila Franca do Campo, 37.7167, -25.4333, 60.8, 88, 75, 17.27, PT, 1617500738 
Gobabis, -22.45, 18.9667, 67.26, 45, 0, 5.7, NA, 1617500739 
Encantado, -29.2361, -51.8697, 66.99, 85, 4, 0.94, BR, 1617500739 
Port Shepstone, -30.7414, 30.455, 63.36, 77, 25, 6.62, ZA, 1617500740 
Fazilpur, 32.1833, 75.0667, 64.4, 76, 7, 2.3, PK, 1617500740 
Yumen, 40.2833, 97.2, 42.33, 55, 100, 16.78, CN, 1617500740 
Pontianak, -0.0333, 109.3333, 84.2, 74, 20, 3.44, ID, 1617500741 
Ambon City, -3.6954, 128.1814, 89.6, 62, 40, 10.36, ID, 1617500741 
Karratha, -20.7377, 116.8463, 92.57, 27, 47, 8.23, AU, 1617500742 
Kongolo, -5.3833, 27, 69.89, 96, 100, 1.43, CD, 1617500696 
Pilar, -9.5972, -35.9567, 78.8, 89, 75, 3.44, BR, 1617500742 
Zhigansk, 66.7697, 123.3711, -7.15, 91, 99, 5.26, RU, 1617500742 
Puerto Rico, -26.796, -55.024, 70.88, 67, 81, 1.39, AR, 1617500743 
La Palma, 33.8464, -118.0467, 71.6, 52, 1, 8.05, US, 1617500518 
Verkhnevilyuysk, 63.4453, 120.3167, 1.67, 86, 100, 3.09, RU, 1617500743 
Fort Nelson, 58.8053, -122.7002, 48.2, 23, 20, 2.3, CA, 1617500718 
Puruarán, 19.1, -101.5333, 77, 36, 40, 4.88, MX, 1617500745 
Thinadhoo, 0.5333, 72.9333, 82.83, 75, 0, 15.01, MV, 1617500746 
Mulchén, -37.7167, -72.2333, 56.89, 43, 1, 2.75, CL, 1617500746 
San Angelo, 31.4638, -100.437, 59, 83, 100, 1.99, US, 1617500747 
Senanga, -16.1167, 23.2667, 62.22, 65, 6, 4, ZM, 1617500747 
Caravelas, -17.7125, -39.2481, 76.64, 81, 100, 5.55, BR, 1617500747 
Atar, 20.5169, -13.0499, 81.19, 20, 64, 8.21, MR, 1617500748 
Morón, -34.6534, -58.6198, 71.01, 84, 10, 3, AR, 1617500749 
Coyhaique, -45.5752, -72.0662, 50, 76, 100, 1.14, CL, 1617500749 
Ilulissat, 69.2167, -51.1, 3.2, 66, 2, 9.22, GL, 1617500750 
Zhangye, 38.9342, 100.4517, 46.13, 35, 53, 1.54, CN, 1617500750 
Borsodnádasd, 48.1167, 20.25, 35.24, 82, 89, 4.99, HU, 1617500750 
Margate, 51.3813, 1.3862, 42.01, 70, 100, 4, GB, 1617500751 
San Francisco, 37.7749, -122.4194, 57, 70, 100, 3, US, 1617500484 
Flinders, -34.5833, 150.8552, 82.99, 58, 6, 3, AU, 1617500752 
Makakilo City, 21.3469, -158.0858, 82.4, 47, 40, 13.8, US, 1617500752 
Leshukonskoye, 64.8989, 45.7622, 19.2, 98, 64, 2.39, RU, 1617500753 
Alibag, 18.6411, 72.8792, 80.6, 78, 40, 3.44, IN, 1617500708 
Acapulco de Juárez, 16.8634, -99.8901, 82.4, 74, 20, 4.61, MX, 1617500603 
Santa Rosa de Aguán, 15.95, -85.7167, 76.89, 79, 27, 12.06, HN, 1617500754 
Kahului, 20.8947, -156.47, 77, 69, 40, 16.11, US, 1617500561 
Kieta, -6.2167, 155.6333, 84.22, 73, 98, 2.33, PG, 1617500662 
Dvinskoy, 62.1535, 45.1175, 22.46, 96, 81, 2.68, RU, 1617500754 
Grand Gaube, -20.0064, 57.6608, 79, 82, 13, 3, MU, 1617500755 
Salta, -24.7859, -65.4117, 62.6, 88, 75, 3.44, AR, 1617500755 
Ciudad del Carmen, 18.6333, -91.8333, 75.2, 53, 1, 9.22, MX, 1617500756 
Marang, 5.2056, 103.2059, 82.4, 83, 20, 3.44, MY, 1617500756 
Pindorama, -21.1858, -48.9072, 77, 41, 0, 5.75, BR, 1617500757 
São Sebastião do Caí, -29.5867, -51.3756, 71.01, 80, 7, 3, BR, 1617500583 
Katsuura, 35.1333, 140.3, 71.01, 56, 75, 17.27, JP, 1617500757 
Srbobran, 45.5539, 19.8028, 36.81, 95, 25, 6.49, RS, 1617500758 
Onega, 63.9061, 38.1404, 25.3, 94, 50, 4.36, RU, 1617500758 
Gazli, 40.1333, 63.45, 53.6, 71, 83, 23.44, UZ, 1617500758 
Sungai Penuh, -2.0833, 101.3833, 66.61, 93, 100, 4, ID, 1617500759 
Vila Velha, -20.3297, -40.2925, 75.2, 88, 75, 3.44, BR, 1617500759 
Nantucket, 41.2835, -70.0995, 40.66, 49, 0, 10.27, US, 1617500759 
Khani, 41.9563, 42.9566, 42.8, 93, 20, 5.75, GE, 1617500760 
Natal, -5.795, -35.2094, 75.2, 88, 40, 2.3, BR, 1617500715 
The Valley, 18.217, -63.0578, 78.8, 78, 20, 6.91, AI, 1617500640 
Dondaicha, 21.3333, 74.5667, 77.14, 68, 6, 17.09, IN, 1617500761 
Verkhneyarkeyevo, 55.4505, 54.3145, 33.48, 95, 100, 5.53, RU, 1617500761 
Batagay, 67.6333, 134.6333, -1.43, 87, 100, 5.12, RU, 1617500761 
Bud, 39.447, -86.1758, 55.4, 38, 1, 6.91, US, 1617500762 
Roald, 62.5833, 6.1333, 44.6, 76, 90, 24.16, NO, 1617500762 
Kalmunai, 7.4167, 81.8167, 80.06, 78, 40, 2.51, LK, 1617500763 
Yamada, 39.4667, 141.95, 50.77, 93, 100, 3.47, JP, 1617500646 
Amazar, 53.858, 120.875, 38.82, 28, 8, 8.5, RU, 1617500763 
Assiniboia, 49.6334, -105.9845, 55.4, 24, 95, 6.91, CA, 1617500621 
São Félix do Xingu, -6.6447, -51.995, 75.99, 86, 99, 2.53, BR, 1617500764 
Byron Bay, -28.65, 153.6167, 73.4, 78, 75, 10.36, AU, 1617500764 
Necochea, -38.5473, -58.7368, 64, 79, 5, 5.01, AR, 1617500765 
Bandarbeyla, 9.4942, 50.8122, 76.51, 81, 100, 0.76, SO, 1617500765 
Sinazongwe, -17.2614, 27.4618, 70.14, 64, 5, 1.28, ZM, 1617500765 
Broome, 42.2506, -75.833, 39.2, 28, 1, 3.62, US, 1617500766 
Samarai, -10.6167, 150.6667, 84.79, 72, 100, 15.5, PG, 1617500766 
Florence, 43.7667, 11.25, 53.6, 50, 0, 8.05, IT, 1617500766 
Mount Gambier, -37.8333, 140.7667, 69.8, 64, 40, 10.36, AU, 1617500767 
Muborak, 39.2553, 65.1528, 55.94, 79, 100, 13.13, UZ, 1617500767 
Ngaoundéré, 7.3167, 13.5833, 70.29, 19, 87, 3.27, CM, 1617500768 
Nanortalik, 60.1432, -45.2371, 34.43, 96, 100, 12.71, GL, 1617500768 
Gushikawa, 26.3544, 127.8686, 71.6, 88, 90, 14.97, JP, 1617500769 
Mendoza, -32.8908, -68.8272, 71.6, 64, 20, 3.44, AR, 1617500684 
Balkanabat, 39.5108, 54.3671, 49.23, 62, 7, 8.23, TM, 1617500769 
Sambava, -14.2667, 50.1667, 74.73, 89, 19, 6.22, MG, 1617500770 
Colares, 38.7992, -9.4469, 55.99, 84, 9, 8.99, PT, 1617500771 
Wewak, -3.5534, 143.6268, 79.05, 86, 100, 3.8, PG, 1617500771 
Tsiroanomandidy, -18.7667, 46.0333, 64.04, 94, 4, 1.48, MG, 1617500772 
Wanaka, -44.7, 169.15, 59.16, 75, 26, 15.41, NZ, 1617500773 
Nouadhibou, 20.931, -17.0347, 66.2, 77, 99, 17.27, MR, 1617500773 
Richards Bay, -28.783, 32.0377, 64.74, 79, 12, 5.91, ZA, 1617500773 
Costa Rica, -23.4167, -54.65, 69.69, 71, 100, 6.08, BR, 1617500747 
Khilok, 51.3674, 110.4676, 38.8, 57, 35, 11.77, RU, 1617500774 
Hobyo, 5.3505, 48.5268, 81.82, 72, 81, 9.19, SO, 1617500775 
Skjervøy, 70.0311, 20.9714, 32.29, 86, 100, 25.75, NO, 1617500775 
Ponta Delgada, 37.7333, -25.6667, 60.8, 88, 75, 17.27, PT, 1617500776 
Codrington, -38.2667, 141.9667, 66.69, 67, 21, 11.16, AU, 1617500776 
Kensington, -33.9167, 151.2167, 80.6, 50, 0, 9.22, AU, 1617500695 
Baní, 18.2833, -70.3333, 75.99, 84, 31, 4, DO, 1617500778 
Bereket, 39.2446, 55.5154, 49.5, 63, 3, 7.83, TM, 1617500779 
Qasigiannguit, 68.8193, -51.1922, 3.2, 66, 5, 9.22, GL, 1617500779 
Gijón, 43.5357, -5.6615, 48.2, 76, 90, 6.91, ES, 1617500779 
Vila do Maio, 15.1333, -23.2167, 75.2, 46, 0, 19.57, CV, 1617500780 
Contamana, -7.3333, -75.0167, 72.34, 99, 99, 1.95, PE, 1617500780 
Palana, 59.1167, 159.9667, 21.9, 61, 99, 13.49, RU, 1617500781 
Clarksdale, 34.2001, -90.5709, 59, 44, 0, 6.08, US, 1617500774 
Kununurra, -15.7667, 128.7333, 91.4, 40, 100, 10.36, AU, 1617500781 
Okha, 53.5739, 142.9478, 24.28, 90, 100, 31.18, RU, 1617500782 
Mikumi, -7.4041, 36.9831, 67.96, 98, 100, 1.9, TZ, 1617500782 
Hastings, 50.8552, 0.5729, 42.01, 77, 96, 1.99, GB, 1617500783 
Kremenchuk, 49.0973, 33.4197, 43.81, 57, 100, 4.52, UA, 1617500783 
Diffa, 13.3154, 12.6113, 74.05, 16, 3, 8.37, NE, 1617500784 
Ust'-Kulom, 61.6864, 53.6902, 22.53, 96, 100, 4, RU, 1617500784 
Tsabong, -26.0217, 22.401, 72.97, 26, 0, 7.05, BW, 1617500785 
Mastic Beach, 40.7668, -72.8521, 44.01, 49, 1, 8.05, US, 1617500785 
Miepherkeim, 38.1419, 41.0081, 39.2, 87, 0, 5.75, TR, 1617500785 
Kolokani, 13.5728, -8.0339, 78.3, 7, 8, 6.69, ML, 1617500786 
Jinji, 23.2281, 110.8261, 69.44, 66, 100, 8.57, CN, 1617500786 
Antalaha, -14.9003, 50.2788, 73.54, 90, 18, 4.25, MG, 1617500787 
Baberu, 25.55, 80.7167, 79.36, 6, 0, 2.91, IN, 1617500787 
Chardara, 41.2547, 67.9692, 56.86, 49, 100, 12.39, KZ, 1617500787 
Miraflores, 19.2167, -98.8083, 69.8, 24, 1, 19.57, MX, 1617500788 
Clyde, 41.3042, -82.9752, 55.4, 38, 40, 12.66, US, 1617500788 
Hirara, 24.8, 125.2833, 73.4, 94, 75, 12.66, JP, 1617500788 
Xam Nua, 20.4197, 104.0439, 71.01, 88, 93, 2.39, LA, 1617500789 
Camaçari, -12.6975, -38.3242, 82.4, 65, 20, 9.22, BR, 1617500715 
Jizan, 17.3333, 42.6667, 82.4, 74, 0, 3.44, SA, 1617500791 
Kropotkin, 45.4375, 40.5756, 46.92, 86, 95, 14.09, RU, 1617500791 
Playas, -2.6333, -80.3833, 76.1, 85, 75, 6.98, EC, 1617500792 
Wagar, 16.1525, 36.2032, 72.37, 37, 28, 14.79, SD, 1617500792 
Hillside, 40.7012, -74.2301, 50, 20, 75, 10.36, US, 1617500793 
Dudinka, 69.4058, 86.1778, -6.86, 81, 56, 6.58, RU, 1617500794 
Hangu, 39.2489, 117.7892, 59, 29, 0, 4.47, CN, 1617500794 
São Filipe, 14.8961, -24.4956, 73.74, 70, 100, 10.6, CV, 1617500795 
Koumac, -20.5667, 164.2833, 81.05, 80, 100, 7.05, NC, 1617500795 
Newport, 51.5877, -2.9984, 37, 89, 19, 4.7, GB, 1617500774 
Nortelândia, -14.4547, -56.8028, 75.34, 83, 83, 3, BR, 1617500797 
Collie, -33.3667, 116.15, 64, 81, 100, 1.99, AU, 1617500798 
Arrondissement de Sedan, 49.6667, 5, 37.99, 94, 0, 5.01, FR, 1617500798 
Tiznit Province, 29.5833, -9.5, 54.32, 82, 59, 6.2, MA, 1617500799 
Boralday, 43.3578, 76.8594, 30.2, 74, 4, 2.24, KZ, 1617500799 
Hervey Bay, -25.2986, 152.8535, 72, 96, 100, 5.99, AU, 1617500799 
Vestmannaeyjar, 63.4427, -20.2734, 36.14, 67, 28, 34.58, IS, 1617500800 
Ust-Tsilma, 65.441, 52.1498, 14.67, 99, 97, 1.05, RU, 1617500800 
Araguaçu, -12.9306, -49.8264, 74.88, 84, 75, 3.78, BR, 1617500801 
Jiancheng, 30.391, 104.5491, 54, 81, 100, 1.99, CN, 1617500801 
Sitka, 57.0531, -135.33, 39.2, 65, 75, 8.05, US, 1617500801 
Tarnogskiy Gorodok, 60.4997, 43.5761, 24.22, 99, 90, 1.97, RU, 1617500802 
Biltine, 14.5333, 20.9167, 79.16, 12, 100, 20.07, TD, 1617500802 
La Maddalena, 41.2142, 9.4083, 55.4, 94, 9, 8.05, IT, 1617500803 
Kenai, 60.5544, -151.2583, 35.6, 74, 90, 3.44, US, 1617500803 
Cardston, 49.2, -113.3019, 59, 21, 88, 9.22, CA, 1617500718 
Chumikan, 54.7183, 135.315, 24.62, 62, 54, 17.6, RU, 1617500804 
Aksu, 41.1231, 80.2644, 41.95, 52, 37, 11.3, CN, 1617500804 
Kloulklubed, 7.0419, 134.2556, 86, 74, 75, 5.75, PW, 1617500805 
Qaqortoq, 60.7167, -46.0333, 39.2, 87, 90, 2.3, GL, 1617500805 
Concarneau, 47.875, -3.9225, 39.2, 87, 0, 8.05, FR, 1617500805 
Nizwá, 22.9333, 57.5333, 76.08, 19, 4, 2.64, OM, 1617500763 
Yaan, 7.3833, 8.5667, 80.2, 70, 83, 9.17, NG, 1617500806 
Krutikha, 53.9599, 81.2093, 22.62, 85, 49, 3.87, RU, 1617500806 
Nagato, 34.3833, 131.2, 60.8, 100, 75, 8.05, JP, 1617500807 
Nizhniy Baskunchak, 48.2198, 46.8311, 48.15, 85, 100, 15.9, RU, 1617500807 
Krasnosel'kup, 65.7, 82.4667, 28.11, 96, 100, 7.74, RU, 1617500808 
Oistins, 13.0667, -59.5333, 78.8, 61, 40, 19.57, BB, 1617500561 
Voinka, 45.8699, 33.9914, 43.75, 74, 100, 2.28, UA, 1617500808 
Yabassi, 4.457, 9.9682, 80.6, 94, 40, 2.3, CM, 1617500809 
Aitape, -3.1374, 142.3475, 80.64, 78, 74, 2.91, PG, 1617500809 
Río Gallegos, -51.6226, -69.2181, 37.4, 65, 0, 10.36, AR, 1617500810 
Buzhakan, 40.4529, 44.521, 39.2, 70, 29, 2.71, AM, 1617500810 
Guarda, 40.5373, -7.2658, 52, 67, 0, 7, PT, 1617500811 
Fairbanks, 64.8378, -147.7164, 30.99, 93, 90, 5.75, US, 1617500811 
Mnogovershinnyy, 53.9353, 139.9242, 18.05, 87, 100, 15.37, RU, 1617500812 
Tateyama, 34.9833, 139.8667, 69.01, 77, 75, 11.5, JP, 1617500812 
Denpasar, -8.65, 115.2167, 84.2, 79, 20, 4.61, ID, 1617500712 
Sabang, 5.8933, 95.3214, 82.76, 71, 100, 17.38, ID, 1617500813 
Iroquois Falls, 48.7669, -80.6831, 39.2, 52, 75, 2.3, CA, 1617500813 
Sibolga, 1.7427, 98.7792, 76.71, 82, 100, 4.25, ID, 1617500814 
Storslett, 69.7678, 21.0247, 30.6, 96, 100, 6.26, NO, 1617500814 
Gravdal, 68.1214, 13.5031, 36.99, 97, 100, 24.7, NO, 1617500815 
Bethanien, -26.502, 17.1583, 75.61, 21, 3, 5.17, NA, 1617500815 
St. George's, 12.0564, -61.7485, 78.8, 78, 20, 19.57, GD, 1617500815 
Mokhsogollokh, 61.4681, 128.9203, 7.27, 77, 93, 2.53, RU, 1617500816 
Glendive, 47.1053, -104.7125, 66.2, 16, 1, 10.36, US, 1617500816 
Santa Cruz del Sur, 20.7147, -77.9956, 72.93, 63, 94, 19.77, CU, 1617500817 
Consett, 54.854, -1.8316, 41, 87, 80, 9.22, GB, 1617500817 
Omboué, -1.5746, 9.2618, 76.06, 93, 100, 8.95, GA, 1617500633 
Kalemie, -5.9475, 29.1947, 71.02, 85, 95, 1.63, CD, 1617500818 
Ukiah, 39.1502, -123.2078, 66.2, 42, 1, 9.22, US, 1617500818 
Arlit, 18.7369, 7.3853, 71.17, 11, 0, 6.98, NE, 1617500818 
Kamensk-Shakhtinskiy, 48.3178, 40.2595, 37.81, 85, 72, 7.02, RU, 1617500819 
Basco, 20.4487, 121.9702, 78.85, 77, 8, 11.83, PH, 1617500819 
Zhangjiakou, 40.81, 114.8794, 46.24, 16, 100, 2.53, CN, 1617500820 
Mariel, 22.9875, -82.7536, 69.8, 60, 40, 9.22, CU, 1617500820 
Huilong, 31.8111, 121.655, 57.99, 53, 92, 18.54, CN, 1617500820 
Qidong, 31.8128, 121.6561, 57.99, 53, 92, 18.57, CN, 1617500821 
Matamoros, 25.5333, -103.25, 87.8, 22, 20, 10.31, MX, 1617500822 
Teófilo Otoni, -17.8575, -41.5053, 71.08, 97, 100, 4.16, BR, 1617500822 
Philadelphia, 39.9523, -75.1638, 48.2, 29, 75, 8.05, US, 1617500816 
Pangai, -19.8, -174.35, 79.07, 76, 100, 17.63, TO, 1617500823 
São José da Coroa Grande, -8.8978, -35.1478, 77.7, 87, 22, 6.8, BR, 1617500823 
Puerto Nariño, -3.7703, -70.3831, 75.2, 100, 75, 3.44, CO, 1617500823 
Laichow, 37.1717, 119.9214, 50.81, 35, 0, 14.83, CN, 1617500824 
Camacha, 33.0833, -16.3333, 57.2, 72, 20, 6.96, PT, 1617500824 
Tommot, 58.9564, 126.2925, 20.73, 80, 100, 0.65, RU, 1617500825 
